Date  area(km2) clim std anomaly mass(ton) clim std anomaly	Observable_area(km2)
1/16/2011   0.00672804     0.206223     0.349214    -0.199495      22.4716      688.785      1166.37     -666.314      40113.9
2/15/2011  0.000761676     0.239770     0.577808    -0.239009      2.54400      800.832      1929.88     -798.288      40113.9
3/16/2011    0.0122943     0.999724      2.46245    -0.987429      41.0631      3339.08      8224.57     -3298.01      40113.9
4/16/2011    0.0344983      3.53340      4.82876     -3.49890      115.224      11801.6      16128.1     -11686.3      40113.9
5/16/2011   0.00144435      8.56241      10.2561     -8.56097      4.82413      28598.5      34255.5     -28593.6      40113.9
6/16/2011     0.193439      11.6878      16.7174     -11.4944      646.085      39037.2      55836.0     -38391.2      40113.9
7/16/2011      2.95687      13.3759      15.5825     -10.4191      9875.93      44675.6      52045.7     -34799.6      40090.2
8/16/2011      1.97022      14.8269      14.4684     -12.8567      6580.52      49521.9      48324.5     -42941.4      40113.9
9/16/2011      6.44508      8.15314      6.81880     -1.70806      21526.6      27231.5      22774.8     -5704.93      40113.9
10/16/2011      1.07854      3.00989      3.29343     -1.93135      3602.31      10053.0      11000.1     -6450.71      40113.9
11/16/2011     0.244568      1.88454      2.47508     -1.63997      816.856      6294.35      8266.78     -5477.49      40113.9
12/16/2011    0.0435004      1.11648      1.46475     -1.07298      145.291      3729.04      4892.26     -3583.75      40113.9
1/16/2012    0.0226882     0.206223     0.349214    -0.183535      75.7786      688.785      1166.37     -613.007      40113.9
2/15/2012    0.0909813     0.239770     0.577808    -0.148789      303.878      800.832      1929.88     -496.955      40113.9
3/16/2012    0.0411339     0.999724      2.46245    -0.958590      137.387      3339.08      8224.57     -3201.69      40113.9
4/16/2012      1.01639      3.53340      4.82876     -2.51701      3394.74      11801.6      16128.1     -8406.81      40113.9
5/16/2012      1.23207      8.56241      10.2561     -7.33035      4115.11      28598.5      34255.5     -24483.4      40113.9
6/16/2012     0.646474      11.6878      16.7174     -11.0413      2159.22      39037.2      55836.0     -36878.0      40113.9
7/16/2012     0.343730      13.3759      15.5825     -13.0322      1148.06      44675.6      52045.7     -43527.5      40113.9
8/16/2012      1.65988      14.8269      14.4684     -13.1671      5544.00      49521.9      48324.5     -43977.9      40113.9
9/16/2012     0.648815      8.15314      6.81880     -7.50433      2167.04      27231.5      22774.8     -25064.5      40113.9
10/16/2012     0.345422      3.00989      3.29343     -2.66446      1153.71      10053.0      11000.1     -8899.31      40113.9
11/16/2012     0.120392      1.88454      2.47508     -1.76414      402.110      6294.35      8266.78     -5892.24      40113.9
12/16/2012   0.00340193      1.11648      1.46475     -1.11308      11.3624      3729.04      4892.26     -3717.68      40113.9
1/16/2013      0.00000     0.206223     0.349214    -0.206223      0.00000      688.785      1166.37     -688.785      40113.9
2/15/2013      0.00000     0.239770     0.577808    -0.239770      0.00000      800.832      1929.88     -800.832      40113.9
3/16/2013   0.00549945     0.999724      2.46245    -0.994224      18.3682      3339.08      8224.57     -3320.71      40113.9
4/16/2013      1.45125      3.53340      4.82876     -2.08214      4847.19      11801.6      16128.1     -6954.36      40113.9
5/16/2013     0.144879      8.56241      10.2561     -8.41753      483.897      28598.5      34255.5     -28114.6      40113.9
6/16/2013      0.00000      11.6878      16.7174     -11.6878      0.00000      39037.2      55836.0     -39037.2      40113.9
7/16/2013     0.397270      13.3759      15.5825     -12.9787      1326.88      44675.6      52045.7     -43348.7      40113.9
8/16/2013      0.00000      14.8269      14.4684     -14.8269      0.00000      49521.9      48324.5     -49521.9      40113.9
9/16/2013     0.118183      8.15314      6.81880     -8.03496      394.730      27231.5      22774.8     -26836.8      40113.9
10/16/2013     0.140383      3.00989      3.29343     -2.86950      468.881      10053.0      11000.1     -9584.14      40113.9
11/16/2013    0.0282936      1.88454      2.47508     -1.85624      94.5007      6294.35      8266.78     -6199.85      40113.9
12/16/2013   0.00422405      1.11648      1.46475     -1.11226      14.1083      3729.04      4892.26     -3714.94      40113.9
1/16/2014      0.00000     0.206223     0.349214    -0.206223      0.00000      688.785      1166.37     -688.785      40113.9
2/15/2014   0.00751625     0.239770     0.577808    -0.232254      25.1043      800.832      1929.88     -775.728      40113.9
3/16/2014    0.0423591     0.999724      2.46245    -0.957365      141.479      3339.08      8224.57     -3197.60      40113.9
4/16/2014      0.00000      3.53340      4.82876     -3.53340      0.00000      11801.6      16128.1     -11801.6      40113.9
5/16/2014     0.174729      8.56241      10.2561     -8.38769      583.594      28598.5      34255.5     -28014.9      40113.9
6/16/2014   0.00884328      11.6878      16.7174     -11.6790      29.5365      39037.2      55836.0     -39007.7      40113.9
7/16/2014     0.860001      13.3759      15.5825     -12.5159      2872.40      44675.6      52045.7     -41803.2      40113.9
8/16/2014      4.99223      14.8269      14.4684     -9.83470      16674.0      49521.9      48324.5     -32847.9      40113.9
9/16/2014      9.76326      8.15314      6.81880      1.61012      32609.3      27231.5      22774.8      5377.79      40113.9
10/16/2014      8.61857      3.00989      3.29343      5.60868      28786.0      10053.0      11000.1      18733.0      40113.9
11/16/2014      2.46406      1.88454      2.47508     0.579529      8229.97      6294.35      8266.78      1935.63      40113.9
12/16/2014      3.79684      1.11648      1.46475      2.68036      12681.5      3729.04      4892.26      8952.41      40113.9
1/16/2015      1.27932     0.206223     0.349214      1.07309      4272.92      688.785      1166.37      3584.13      40113.9
2/15/2015     0.199326     0.239770     0.577808   -0.0404438      665.750      800.832      1929.88     -135.082      40113.9
3/16/2015     0.149108     0.999724      2.46245    -0.850616      498.020      3339.08      8224.57     -2841.06      40113.9
4/16/2015     0.606234      3.53340      4.82876     -2.92717      2024.82      11801.6      16128.1     -9776.73      40113.9
5/16/2015      9.75652      8.56241      10.2561      1.19411      32586.8      28598.5      34255.5      3988.31      40113.9
6/16/2015      7.13292      11.6878      16.7174     -4.55488      23824.0      39037.2      55836.0     -15213.3      40113.9
7/16/2015      10.8915      13.3759      15.5825     -2.48440      36377.7      44675.6      52045.7     -8297.88      40113.9
8/16/2015      17.2548      14.8269      14.4684      2.42784      57630.9      49521.9      48324.5      8108.98      40113.9
9/16/2015      5.16786      8.15314      6.81880     -2.98528      17260.6      27231.5      22774.8     -9970.85      40113.9
10/16/2015      5.40248      3.00989      3.29343      2.39259      18044.3      10053.0      11000.1      7991.27      40113.9
11/16/2015      1.87673      1.88454      2.47508  -0.00780618      6268.28      6294.35      8266.78     -26.0732      40113.9
12/16/2015     0.635118      1.11648      1.46475    -0.481362      2121.29      3729.04      4892.26     -1607.75      40113.9
1/16/2016    0.0452034     0.206223     0.349214    -0.161020      150.980      688.785      1166.37     -537.806      40113.9
2/15/2016    0.0149965     0.239770     0.577808    -0.224774      50.0883      800.832      1929.88     -750.744      40113.9
3/16/2016    0.0542166     0.999724      2.46245    -0.945507      181.083      3339.08      8224.57     -3157.99      40113.9
4/16/2016     0.251618      3.53340      4.82876     -3.28178      840.405      11801.6      16128.1     -10961.1      40113.9
5/16/2016    0.0639343      8.56241      10.2561     -8.49848      213.541      28598.5      34255.5     -28384.9      40113.9
6/16/2016  0.000354803      11.6878      16.7174     -11.6874      1.18504      39037.2      55836.0     -39036.1      40113.9
7/16/2016     0.188398      13.3759      15.5825     -13.1875      629.250      44675.6      52045.7     -44046.3      40113.9
8/16/2016     0.603465      14.8269      14.4684     -14.2235      2015.57      49521.9      48324.5     -47506.4      40113.9
9/16/2016     0.311547      8.15314      6.81880     -7.84160      1040.57      27231.5      22774.8     -26190.9      40113.9
10/16/2016    0.0723285      3.00989      3.29343     -2.93756      241.577      10053.0      11000.1     -9811.44      40113.9
11/16/2016   0.00169101      1.88454      2.47508     -1.88284      5.64797      6294.35      8266.78     -6288.70      40113.9
12/16/2016    0.0624463      1.11648      1.46475     -1.05403      208.571      3729.04      4892.26     -3520.47      40113.9
1/16/2017    0.0217359     0.206223     0.349214    -0.184487      72.5979      688.785      1166.37     -616.187      40113.9
2/15/2017  0.000937152     0.239770     0.577808    -0.238833      3.13009      800.832      1929.88     -797.702      40113.9
3/16/2017    0.0103405     0.999724      2.46245    -0.989383      34.5374      3339.08      8224.57     -3304.54      40113.9
4/16/2017    0.0937288      3.53340      4.82876     -3.43967      313.054      11801.6      16128.1     -11488.5      40113.9
5/16/2017     0.598146      8.56241      10.2561     -7.96427      1997.81      28598.5      34255.5     -26600.7      40113.9
6/16/2017      1.06268      11.6878      16.7174     -10.6251      3549.34      39037.2      55836.0     -35487.9      40113.9
7/16/2017      8.38071      13.3759      15.5825     -4.99521      27991.6      44675.6      52045.7     -16684.0      40113.9
8/16/2017      11.4319      14.8269      14.4684     -3.39502      38182.6      49521.9      48324.5     -11339.4      40113.9
9/16/2017      12.1140      8.15314      6.81880      3.96087      40460.8      27231.5      22774.8      13229.3      40113.9
10/16/2017      6.74313      3.00989      3.29343      3.73324      22522.0      10053.0      11000.1      12469.0      40113.9
11/16/2017      7.50465      1.88454      2.47508      5.62011      25065.5      6294.35      8266.78      18771.2      40113.9
12/16/2017      3.57902      1.11648      1.46475      2.46254      11953.9      3729.04      4892.26      8224.88      40113.9
1/16/2018     0.521647     0.206223     0.349214     0.315424      1742.30      688.785      1166.37      1053.52      40113.9
2/15/2018     0.102069     0.239770     0.577808    -0.137701      340.912      800.832      1929.88     -459.921      40113.9
3/16/2018     0.460291     0.999724      2.46245    -0.539433      1537.37      3339.08      8224.57     -1801.71      40113.9
4/16/2018      5.06113      3.53340      4.82876      1.52773      16904.2      11801.6      16128.1      5102.63      40113.9
5/16/2018      33.1887      8.56241      10.2561      24.6263      110850.      28598.5      34255.5      82251.8      40113.9
6/16/2018      58.6945      11.6878      16.7174      47.0067      196040.      39037.2      55836.0      157002.      40113.9
7/16/2018      45.0650      13.3759      15.5825      31.6891      150517.      44675.6      52045.7      105841.      40113.9
8/16/2018      19.5151      14.8269      14.4684      4.68814      65180.3      49521.9      48324.5      15658.4      40113.9
9/16/2018      10.6454      8.15314      6.81880      2.49225      35555.6      27231.5      22774.8      8324.12      40113.9
10/16/2018      8.57728      3.00989      3.29343      5.56739      28648.1      10053.0      11000.1      18595.1      40113.9
11/16/2018      5.71371      1.88454      2.47508      3.82917      19083.8      6294.35      8266.78      12789.4      40113.9
12/16/2018      3.02134      1.11648      1.46475      1.90486      10091.3      3729.04      4892.26      6362.24      40113.9
1/16/2019     0.297841     0.206223     0.349214    0.0916183      994.790      688.785      1166.37      306.005      40113.9
2/15/2019     0.597922     0.239770     0.577808     0.358152      1997.06      800.832      1929.88      1196.23      40113.9
3/16/2019      2.62445     0.999724      2.46245      1.62472      8765.66      3339.08      8224.57      5426.58      40113.9
4/16/2019      2.36576      3.53340      4.82876     -1.16764      7901.63      11801.6      16128.1     -3899.93      40113.9
5/16/2019      6.48028      8.56241      10.2561     -2.08213      21644.1      28598.5      34255.5     -6954.32      40113.9
6/16/2019      16.6463      11.6878      16.7174      4.95854      55598.8      39037.2      55836.0      16561.5      40113.9
7/16/2019      18.5446      13.3759      15.5825      5.16870      61939.0      44675.6      52045.7      17263.5      40113.9
8/16/2019      18.7806      14.8269      14.4684      3.95366      62727.2      49521.9      48324.5      13205.2      40113.9
9/16/2019      3.78543      8.15314      6.81880     -4.36772      12643.3      27231.5      22774.8     -14588.2      40113.9
10/16/2019     0.346026      3.00989      3.29343     -2.66386      1155.73      10053.0      11000.1     -8897.29      40113.9
11/16/2019     0.196231      1.88454      2.47508     -1.68830      655.411      6294.35      8266.78     -5638.94      40113.9
12/16/2019    0.0525259      1.11648      1.46475     -1.06395      175.437      3729.04      4892.26     -3553.61      40113.9
1/16/2020    0.0260795     0.206223     0.349214    -0.180144      87.1055      688.785      1166.37     -601.680      40113.9
2/15/2020    0.0203993     0.239770     0.577808    -0.219371      68.1336      800.832      1929.88     -732.699      40113.9
3/16/2020    0.0514885     0.999724      2.46245    -0.948235      171.971      3339.08      8224.57     -3167.11      40113.9
4/16/2020      2.40637      3.53340      4.82876     -1.12703      8037.26      11801.6      16128.1     -3764.29      40113.9
5/16/2020      3.52755      8.56241      10.2561     -5.03486      11782.0      28598.5      34255.5     -16816.4      40113.9
6/16/2020      7.43884      11.6878      16.7174     -4.24896      24845.7      39037.2      55836.0     -14191.5      40113.9
7/16/2020      9.53820      13.3759      15.5825     -3.83772      31857.6      44675.6      52045.7     -12818.0      40113.9
8/16/2020      8.91974      14.8269      14.4684     -5.90720      29791.9      49521.9      48324.5     -19730.0      40113.9
9/16/2020      1.83221      8.15314      6.81880     -6.32094      6119.57      27231.5      22774.8     -21111.9      40113.9
10/16/2020    0.0581512      3.00989      3.29343     -2.95173      194.225      10053.0      11000.1     -9858.79      40113.9
11/16/2020    0.0718647      1.88454      2.47508     -1.81267      240.028      6294.35      8266.78     -6054.32      40113.9
12/16/2020     0.105118      1.11648      1.46475     -1.01136      351.094      3729.04      4892.26     -3377.95      40113.9
1/16/2021    0.0151519     0.206223     0.349214    -0.191071      50.6075      688.785      1166.37     -638.178      40113.9
2/15/2021     0.109000     0.239770     0.577808    -0.130770      364.061      800.832      1929.88     -436.771      40113.9
3/16/2021      1.11111     0.999724      2.46245     0.111382      3711.09      3339.08      8224.57      372.017      40113.9
4/16/2021      8.57725      3.53340      4.82876      5.04385      28648.0      11801.6      16128.1      16846.5      40113.9
5/16/2021      24.0955      8.56241      10.2561      15.5330      80478.8      28598.5      34255.5      51880.3      40113.9
6/16/2021      30.0784      11.6878      16.7174      18.3906      100462.      39037.2      55836.0      61424.6      40113.9
7/16/2021      48.5104      13.3759      15.5825      35.1345      162025.      44675.6      52045.7      117349.      40113.9
8/16/2021      53.9031      14.8269      14.4684      39.0761      180036.      49521.9      48324.5      130514.      40113.9
9/16/2021      22.2629      8.15314      6.81880      14.1098      74358.2      27231.5      22774.8      47126.7      40113.9
10/16/2021      2.10174      3.00989      3.29343    -0.908148      7019.81      10053.0      11000.1     -3033.21      40113.9
11/16/2021      1.24887      1.88454      2.47508    -0.635664      4171.23      6294.35      8266.78     -2123.12      40113.9
12/16/2021      1.01197      1.11648      1.46475    -0.104507      3379.99      3729.04      4892.26     -349.053      40113.9
1/16/2022     0.365360     0.206223     0.349214     0.159137      1220.30      688.785      1166.37      531.516      40113.9
2/15/2022    0.0415083     0.239770     0.577808    -0.198262      138.638      800.832      1929.88     -662.195      40113.9
3/16/2022    0.0714737     0.999724      2.46245    -0.928250      238.722      3339.08      8224.57     -3100.36      40113.9
4/16/2022      7.56260      3.53340      4.82876      4.02920      25259.1      11801.6      16128.1      13457.5      40113.9
5/16/2022      12.1408      8.56241      10.2561      3.57839      40550.3      28598.5      34255.5      11951.8      40113.9
6/16/2022      25.8747      11.6878      16.7174      14.1869      86421.4      39037.2      55836.0      47384.1      40113.9
7/16/2022      20.4706      13.3759      15.5825      7.09469      68371.8      44675.6      52045.7      23696.3      40113.9
8/16/2022      28.1948      14.8269      14.4684      13.3679      94170.7      49521.9      48324.5      44648.7      40113.9
9/16/2022      16.1317      8.15314      6.81880      7.97856      53879.9      27231.5      22774.8      26648.4      40113.9
10/16/2022      4.17288      3.00989      3.29343      1.16300      13937.4      10053.0      11000.1      3884.41      40113.9
11/16/2022      4.35832      1.88454      2.47508      2.47378      14556.8      6294.35      8266.78      8262.43      40113.9
12/16/2022      2.03010      1.11648      1.46475     0.913621      6780.54      3729.04      4892.26      3051.49      40113.9
1/16/2023     0.193057     0.206223     0.349214   -0.0131662      644.810      688.785      1166.37     -43.9750      40113.9
2/15/2023      2.17136     0.239770     0.577808      1.93159      7252.36      800.832      1929.88      6451.52      40113.9
3/16/2023      9.18794     0.999724      2.46245      8.18822      30687.7      3339.08      8224.57      27348.6      40113.9
4/16/2023      17.2919      3.53340      4.82876      13.7585      57754.8      11801.6      16128.1      45953.2      40113.9
5/16/2023      12.2894      8.56241      10.2561      3.72698      41046.6      28598.5      34255.5      12448.1      40113.9
6/16/2023      10.7355      11.6878      16.7174    -0.952334      35856.5      39037.2      55836.0     -3180.80      40113.9
7/16/2023      11.5032      13.3759      15.5825     -1.87271      38420.7      44675.6      52045.7     -6254.86      40090.2
8/16/2023      22.5246      14.8269      14.4684      7.69764      75232.1      49521.9      48324.5      25710.1      40113.9
9/16/2023      16.1268      8.15314      6.81880      7.97367      53863.6      27231.5      22774.8      26632.1      40113.9
10/16/2023      1.47159      3.00989      3.29343     -1.53829      4915.12      10053.0      11000.1     -5137.90      40090.2
11/16/2023     0.669587      1.88454      2.47508     -1.21495      2236.42      6294.35      8266.78     -4057.93      40090.2
12/16/2023     0.168632      1.11648      1.46475    -0.947849      563.229      3729.04      4892.26     -3165.81      40090.2
1/16/2024    0.0923151     0.206223     0.349214    -0.113908      308.332      688.785      1166.37     -380.453      40090.2
2/15/2024      0.00000     0.239770     0.577808    -0.239770      0.00000      800.832      1929.88     -800.832      40090.2
3/16/2024     0.174433     0.999724      2.46245    -0.825291      582.606      3339.08      8224.57     -2756.47      40090.2
4/16/2024      2.74891      3.53340      4.82876    -0.784488      9181.36      11801.6      16128.1     -2620.19      40090.2
5/16/2024      16.1799      8.56241      10.2561      7.61748      54040.9      28598.5      34255.5      25442.4      40090.2
6/16/2024      5.11634      11.6878      16.7174     -6.57146      17088.6      39037.2      55836.0     -21948.7      40090.2
7/16/2024      9.61237      13.3759      15.5825     -3.76355      32105.3      44675.6      52045.7     -12570.2      40090.2
8/16/2024      17.8267      14.8269      14.4684      2.99977      59541.2      49521.9      48324.5      10019.2      40090.2
9/16/2024      8.79077      8.15314      6.81880     0.637630      29361.2      27231.5      22774.8      2129.68      40090.2
